(10, -39), (35, -86), (-89, 13), (70, -100), (-27, -37), (97, 25), (89, -24)
(88, 33), (79, 23), (7, -95), (-92, -9), (-60, -72), (18, 58)
(93, -38), (62, -49), (59, -77), (-66, -50), (55, -59)
(19, -20), (6, -50), (18, -85), (6, 69), (-82, 62), (45, 91)
(-97, -27), (73, 1), (70, -5), (85, -7), (55, -38)
(-89, 1), (45, 65), (65, -58)
(-68, -9), (-54, -96), (-74, -1), (57, 73), (-76, 22)
(40, 45), (-53, -30), (-44, -52), (-15, -50), (32, -20), (-40, -45)
(64, -82), (-2, -61), (-84, -31)
(-97, 76), (-42, 13), (0, -41), (99, -53), (-26, 43), (96, -30)
(44, -86), (16, 59), (41, -55), (-3, -21)
(10, -78), (71, -65), (-94, -61), (-92, -100), (18, 56)
(81, 45), (64, -14), (33, 69), (96, -52), (-62, 75), (88, -16)
(92, -5), (49, 1), (39, -2), (71, 71), (-40, -13), (-35, -64), (41, -36)
(59, -62), (-26, -75), (-61, 14), (-19, 99)
(-71, -75), (71, -52), (-51, -60), (40, 21)
(81, -57), (11, -10), (6, -40), (-81, 85), (84, 20), (-43, -2)
(92, 5), (44, -11), (-100, 0), (62, -56)
(10, -5), (-1, -28), (13, 27), (22, 22)
(47, 44), (-2, 60), (-80, 40)
(31, -87), (-95, -46), (29, 61), (42, 52)
(-67, -35), (4, 60), (-60, -61), (59, -7), (5, 33), (-84, 91), (-66, 47)
(-38, -38), (0, 9), (54, 52), (-69, -15), (-97, -81)
(-13, 56), (89, 46), (49, 53), (46, -7)
(-38, -82), (62, 80), (8, 84), (-96, -45), (-14, 24)
